45 00 00 7c 00 00 00 00 40 11 00 00 0b 01 d4 d1 ffff 0
0b 01 d4 d2 48 53 12 b7 00 68 00 00 06 00 ff ff ffff 0
00 00 00 11 80 9d be 5d 00 00 00 00 00 00 00 00 ffff 0
00 00 00 00 00 00 00 80 14 00 00 00 00 00 00 00 ffff 0
1c 00 00 00 00 00 00 00 24 00 00 00 00 00 00 00 ffff 0
2c 00 00 00 00 00 00 00 34 00 00 00 00 00 00 00 ffff 0
3c 00 00 00 00 00 00 00 44 00 00 00 00 00 00 00 ffff 0
4c 00 00 00 00 00 00 00 ef be ad de 00 00 00 00 0fff 1
45 00 00 6c 00 00 00 00 40 11 00 00 0b 01 d4 d1 ffff 0
0b 01 d4 d2 48 53 12 b7 00 58 00 00 08 00 ff ff ffff 0
00 00 00 11 80 9d be 5e 54 00 00 00 00 00 00 00 ffff 0
5c 00 00 00 00 00 00 00 64 00 00 00 00 00 00 00 ffff 0
6c 00 00 00 00 00 00 00 74 00 00 00 00 00 00 00 ffff 0
7c 00 00 00 00 00 00 00 84 00 00 00 00 00 00 00 ffff 0
8c 00 00 00 00 00 00 00 ef be ad de 00 00 00 00 0fff 1
45 00 00 3c 00 00 00 00 40 11 00 00 0b 01 d4 d1 ffff 0
0b 01 d4 d2 48 53 12 b7 00 28 00 00 0c 00 ff ff ffff 0
00 00 00 11 80 9d be 5f 00 00 00 00 00 00 00 10 ffff 0
00 00 00 00 00 00 00 40 ef be ad de 00 00 00 00 0fff 1
